,0,1,2,3,4,5,6
0,0.0,1.8027756377319946,2.0,5.656854249492381,6.4031242374328485,3.1622776601683795,4.123105625617661
1,1.8027756377319946,0.0,1.118033988749895,3.905124837953327,4.6097722286464435,2.5,3.2015621187164243
2,2.0,1.118033988749895,0.0,4.47213595499958,5.0,1.4142135623730951,2.23606797749979
3,5.656854249492381,3.905124837953327,4.47213595499958,0.0,1.0,5.0990195135927845,5.0
4,6.4031242374328485,4.6097722286464435,5.0,1.0,0.0,5.385164807134504,5.0990195135927845
5,3.1622776601683795,2.5,1.4142135623730951,5.0990195135927845,5.385164807134504,0.0,1.0
6,4.123105625617661,3.2015621187164243,2.23606797749979,5.0,5.0990195135927845,1.0,0.0
